2019 06 21 3:55:31 14 28 02.03 23 21 44.8 1.310291691920517E-02 1.016122220960611E+00 -4.773881176983952E-05
2019 06 26 3:51:40 14 40 13.76 22 44 54.0 -7.140323845343224E-02 1.014008723481149E+00 -4.911834177170027E-05
2019 06 30 3:50:06 14 48 45.81 22 10 04.4 -1.387178853884300E-01 1.007175243689218E+00 -4.764467598426215E-05
2019 07 04 5:58:42 14 56 44.59 21 30 43.3 -2.069168675462211E-01 9.954757266092904E-01 -4.431304205461973E-05

2019 06 21 3:55:31 14 28 02.03 23 21 44.8 1.310291691920517E-02 1.016122220960611E+00 -4.773881176983952E-05
2019 06 26 3:51:40 14 40 13.76 22 44 54.0 -7.140323845343224E-02 1.014008723481149E+00 -4.911834177170027E-05
2019 07 04 5:58:42 14 56 44.59 21 30 43.3 -2.069168675462211E-01 9.954757266092904E-01 -4.431304205461973E-05

2019 06 21 3:55:31 14 28 02.03 23 21 44.8 1.310291691920517E-02 1.016122220960611E+00 -4.773881176983952E-05
2019 06 30 3:50:06 14 48 45.81 22 10 04.4 -1.387178853884300E-01 1.007175243689218E+00 -4.764467598426215E-05
2019 07 04 5:58:42 14 56 44.59 21 30 43.3 -2.069168675462211E-01 9.954757266092904E-01 -4.431304205461973E-05



2019 06 21 3:55:31 14 28 02.03 +23 21 44.8 1.310291691920517E-02 1.016122220960611E+00 -4.773881176983952E-05 0.48 0.45
2019 06 26 3:51:40 14 40 13.76 +22 44 54.0 -7.140323845343224E-02 1.014008723481149E+00 -4.911834177170027E-05 0.53 0.40
2019 07 04 6:38:48 14 56 47.62 +21 30 25.8 -2.073782893517808E-01 9.953798224070447E-01 -4.428877359575452E-05 0.19 0.26

2019 06 21 3:55:31 14 28 02.03 +23 21 44.8 1.310291691920517E-02 1.016122220960611E+00 -4.773881176983952E-05
2019 06 26 3:51:40 14 40 13.76 +22 44 54.0 -7.140323845343224E-02 1.014008723481149E+00 -4.911834177170027E-05
2019 07 04 6:38:48 14 56 47.62 +21 30 25.8 -2.073782893517808E-01 9.953798224070447E-01 -4.428877359575452E-05