2019 06 21 03:55:31 14 28 02.03 23 21 44.8 1.310291691920517E-02 1.016122220960611E+00 -4.773881176983952E-05
2019 06 26 03:51:40 14 40 13.76 22 44 54.0 -7.140323845343224E-02 1.014008723481149E+00 -4.911834177170027E-05
2019 06 30 03:50:06 14 48 45.81 22 10 04.4 -1.387178853884300E-01 1.007175243689218E+00 -4.764467598426215E-05
2019 07 04 05:58:42 14 56 44.59 21 30 43.3 -2.069168675462211E-01 9.954757266092904E-01 -4.431304205461973E-05

2019 06 19 04:04:35.799 14 22 29.87 23 33 44.405 4.684294912668323E-02 1.014986916373065E+00 -7.757046527116666E-05 
2019 07 05 06:44:26.629 14 58 40.23 21 20 16.007 -2.239855343583293E-01 9.917994360241349E-01 -7.919661995177026E-05
2019 07 10 06:33:34.670 15 07 38.55 20 27 41.934 -3.054941548263765E-01 9.697136604922600E-01 -7.648306366634412E-05



2019 06 19 04:04:35.799 14 22 29.87 23 33 44.405 4.684294912668323E-02 1.014986916373065E+00 -7.757046527116666E-05 B
2019 06 21 03:55:31 14 28 02.03 23 21 44.8 1.310291691920517E-02 1.016122220960611E+00 -4.773881176983952E-05 W
2019 06 26 03:51:40 14 40 13.76 22 44 54.0 -7.140323845343224E-02 1.014008723481149E+00 -4.911834177170027E-05 W
2019 06 30 03:50:06 14 48 45.81 22 10 04.4 -1.387178853884300E-01 1.007175243689218E+00 -4.764467598426215E-05 W
2019 07 04 05:58:42 14 56 44.59 21 30 43.3 -2.069168675462211E-01 9.954757266092904E-01 -4.431304205461973E-05 W
2019 07 05 06:44:26.629 14 58 40.23 21 20 16.007 -2.239855343583293E-01 9.917994360241349E-01 -7.919661995177026E-05 B
2019 07 10 06:33:34.670 15 07 38.55 20 27 41.934 -3.054941548263765E-01 9.697136604922600E-01 -7.648306366634412E-05 B