800, 730, 4, 7, 12
792, 685, 4, 7, 12
1071, 590, 5, 8, 13
841, 519, 5, 8, 13
724, 558, 7, 10, 15
713, 538, 4, 7, 12
1150, 752, 4, 7, 12
788, 887, 5, 8, 13
817, 925, 5, 8, 13
785, 936, 4, 7, 12
658, 686, 4, 7, 12
1218, 838, 5, 8, 13


746, 489, 3, 6, 11





799.75, 730.875
792.304347826087, 684.3913043478261
1070.7307692307693, 587.9615384615385
839.9655172413793, 517.5862068965517
725.5384615384615, 556.5913461538462
711.5, 536.25
1150.1, 752.7
786.5925925925926, 887.0
817.64, 924.64
785.6, 935.68
658.85, 687.65
1218.0222222222221, 839.2666666666667


746.0109063453773, 488.98307816394237





799.3995962703067 730.8483129866385
792.328605914303 683.1846710923355
1069.6903945111492 587.5508862206975
840.5818305546104 516.9998298741068
726.1089147965595 555.5981345117035
711.5339366515838 536.0294117647059
1151.1500237191651 753.0653462998102
786.3708214563359 887.713915522156
817.8882596957925 924.8540857312175
786.2827767245151 935.4157794954061
659.0141169249655 687.9617922356913
1217.3160714285714 839.8081766917293


746.8654623566401 488.61913297587864